Train_loss
[0.0012093789188264929, 0.0009053039472239258, 0.0008856861770143349, 0.0008249744731700767, 0.0008714434570930286, 0.0008414115787657835, 0.0008871275243748295, 0.0008405554419671575, 0.0008403072468494039, 0.00084739612702996, 0.0008668429714422876, 0.0008273707287319699, 0.0008156260344309983, 0.0008142879722136607, 0.0008447474098717543, 0.0008019363277032547, 0.0008056244535796794, 0.0008596817744501591, 0.0008149425760796347, 0.0008406450743789263, 0.0007963862596769071, 0.0008619437983545304, 0.0008079242770296007, 0.0007779318272669916, 0.0007963668884097687, 0.0007969663916748094, 0.0007743970473568596, 0.000765051932107613, 0.0008086276011717539, 0.0007597996133778257, 0.0007733550884480474, 0.0007558177768146583, 0.00077339857259145, 0.0007910182805920067, 0.000758818393609224, 0.0007885257698800363, 0.0007774337255917896, 0.0007726298210309427, 0.0007785658841600879, 0.0007715457694325308, 0.0007697947072424267, 0.0007732260977715734, 0.0007804664670305949, 0.0007603914587986805, 0.0007195640103844524, 0.0007147102074175516, 0.0007098888296876979, 0.0007315526939280075, 0.0007174053104094069, 0.0007520241671041374]

Train_acc
[0.6973727021311209, 0.7727753375630388, 0.7807060354644542, 0.7924190662111599, 0.7831869204489995, 0.7897755002440214, 0.7780217992516675, 0.7895314787701317, 0.7895314787701317, 0.7886774036115178, 0.7824955262729787, 0.7935171628436636, 0.7966487717585814, 0.795876037091264, 0.7866032210834554, 0.8008378070603547, 0.7989669757605335, 0.7833496014315926, 0.7924597364568082, 0.7872539450138278, 0.7998210509191476, 0.7890434358223524, 0.7998210509191476, 0.8063689604685212, 0.8004717748495201, 0.8033186920448999, 0.8064096307141695, 0.806206279485928, 0.7999023914104442, 0.8073043761184318, 0.8077924190662111, 0.8114527411745567, 0.806043598503335, 0.8041320969578656, 0.8080364405401008, 0.8025459573775826, 0.803603383764438, 0.8082397917683423, 0.8034000325361965, 0.810069952822515, 0.8104359850333496, 0.8089311859443631, 0.8064503009598178, 0.8084431429965837, 0.81824467219782, 0.821254270375793, 0.820806897673662, 0.8171465755653164, 0.8195054498129168, 0.8134049129656743]

Test_loss
[0.000550395679473877, 0.0006589948018391927, 0.0015064978811475966, 0.00030331656138102216, 0.00037521711985270183, 0.0002498122215270996, 0.0019325451638963487, 0.0004267739295959473, 0.0016094101270039875, 0.00028084663814968534, 0.00025899118847317167, 0.000322585031721327, 0.0002285570780436198, 0.0002641995641920302, 0.00023894017537434895, 0.00019956527286105685, 0.00036464044782850475, 0.00029340444140964087, 0.00024129321840074327, 0.00036806436114841036, 0.00030121356116400826, 0.00030131909052530923, 0.0003308378325568305, 0.0004187930954827203, 0.0005417522536383735, 0.0003129862997266981, 0.00020346009996202258, 0.0022085071563720704, 0.00022294547822740342, 0.000202912351820204, 0.0002347988764444987, 0.0013490115271674263, 0.0003754325336880154, 0.0002562664773729112, 0.00024645346535576715, 0.0003246598031785753, 0.00022137479782104492, 0.00022466177410549587, 0.00040982524024115667, 0.0001886731465657552, 0.0005235608524746365, 0.00024083098305596246, 0.000288623767428928, 0.0005133336808946398, 0.0002363814353942871, 0.00015706592135959202, 0.0003128276718987359, 0.0001945389641655816, 0.00023019262949625652, 0.0001948748058742947]

Test_acc
[0.8705777777777778, 0.8364444444444444, 0.6954666666666667, 0.9258666666666666, 0.9080888888888888, 0.9379555555555555, 0.6371555555555556, 0.8961777777777777, 0.6115555555555555, 0.9313777777777777, 0.9356444444444444, 0.9207111111111111, 0.9432888888888888, 0.9347555555555556, 0.9408, 0.9504, 0.9111111111111111, 0.9260444444444444, 0.9400888888888889, 0.9096888888888889, 0.9240888888888888, 0.9260444444444444, 0.9191111111111111, 0.8983111111111111, 0.8707555555555555, 0.9233777777777777, 0.9500444444444445, 0.5013333333333333, 0.9443555555555555, 0.9500444444444445, 0.9415111111111111, 0.6675555555555556, 0.9086222222222222, 0.9361777777777778, 0.9392, 0.9203555555555556, 0.9448888888888889, 0.9441777777777778, 0.8999111111111111, 0.9532444444444444, 0.8748444444444444, 0.9402666666666667, 0.9271111111111111, 0.8698666666666667, 0.9413333333333334, 0.9608888888888889, 0.9226666666666666, 0.9512888888888889, 0.9432888888888888, 0.9512888888888889]

Train_F1_score
[0.6709123877758613, 0.7609430490779171, 0.7584229390681003, 0.7780676580572223, 0.7711133055686746, 0.7770348962601906, 0.7553344091805632, 0.773255049730535, 0.775400373247689, 0.7842909332447691, 0.7672556358255723, 0.7748858245022836, 0.7823626708453034, 0.7817920959958262, 0.7806162980306895, 0.7814912319842936, 0.7896327190705196, 0.7722628361335555, 0.7784867821330904, 0.7833685343935065, 0.7796382521489971, 0.7545544882411395, 0.7769621170926229, 0.7834432567659768, 0.7888257575757576, 0.7830611878700878, 0.788237387667942, 0.7954321040655989, 0.7825510474675152, 0.795687796463993, 0.7798994038748136, 0.7984347826086957, 0.7892713534532279, 0.7918395573997232, 0.7880937415821138, 0.7818859787052428, 0.7807889600072632, 0.7931019351441484, 0.792032352435037, 0.7995019749270135, 0.7935875293388246, 0.787324581258488, 0.7829418472063853, 0.7886186159231667, 0.8042573693662125, 0.8102577386348919, 0.8130674586338567, 0.8025125186681893, 0.8089045814674474, 0.7980456026058632]

Test_F1_score
[0.8260038240917782, 0.8343536190133237, 0.4411092985318108, 0.909759792252759, 0.8855435023245517, 0.9255704841117509, 0.2542930215564487, 0.8686459739091317, 0.6854757449258674, 0.9185997469422184, 0.9242043551088778, 0.9028745644599302, 0.9329409291570318, 0.9214301006208521, 0.9293443666454488, 0.9419354838709677, 0.8887405429461503, 0.9147191471914718, 0.9291868039504096, 0.8876603272888103, 0.9165852705606564, 0.9096045197740114, 0.899624972424443, 0.8702947845804989, 0.8270283131096836, 0.9063247120191262, 0.9396866280317665, 0.6284276063054709, 0.9342022282951441, 0.9409539819289766, 0.9301634472511144, 0.7182886411569751, 0.883710407239819, 0.9250365420755899, 0.9271410311035363, 0.901495162708883, 0.934571549176868, 0.933248299319728, 0.8738516692807528, 0.94638124362895, 0.8357442837144191, 0.9288135593220339, 0.9175050301810865, 0.8646449704142012, 0.929817099106763, 0.9547883271681051, 0.905455335796566, 0.9422184732180514, 0.9311461256205482, 0.9427017984107068]

Train_Fb_score
[0.6525067960496886, 0.75506946095581, 0.7317874496377377, 0.7645832265121605, 0.7635794700860513, 0.7672845606024467, 0.7285667341185424, 0.7563342133232762, 0.7628262057658151, 0.7924629607879325, 0.753560498555284, 0.7524455772940204, 0.7683166623920664, 0.7683039376538146, 0.7854041865787171, 0.7559303891440213, 0.7860798535791756, 0.7666972259006485, 0.7657819225251077, 0.7926849710013746, 0.7525887254308778, 0.703781512605042, 0.7444554438250056, 0.7489216641157647, 0.7799227141957339, 0.754978115322734, 0.7638517649899119, 0.7877015169036119, 0.7613911966561743, 0.7858469191325531, 0.7346928031167189, 0.7846387858693238, 0.7680334353823398, 0.7809436117789486, 0.7594531452799169, 0.7531590791068029, 0.7473062217587765, 0.775042881646655, 0.7833375882903583, 0.791711307246229, 0.7711905253735455, 0.754848006111005, 0.7471794693223762, 0.7601266589379336, 0.786825957286346, 0.7996727681767051, 0.8109206005314739, 0.7837568852205845, 0.7996084106580402, 0.7783922100671485]

Test_Fb_score
[0.761166417055766, 0.9106988444304692, 0.33033620015637216, 0.8915846623685104, 0.8558712769599452, 0.9151484480431848, 0.17568659127625205, 0.831395849479032, 0.8434887345897691, 0.9144344613317659, 0.9239722012894582, 0.8814525044646654, 0.9304763502180478, 0.9089373204933265, 0.9217171717171717, 0.9451219512195121, 0.8562730469084984, 0.926110419261104, 0.9269662921348314, 0.8584994439216357, 0.954745238482826, 0.8892004418387287, 0.8713675213675214, 0.8287984797443207, 0.7642919964819701, 0.8858769544527533, 0.9255031286994757, 0.8059255232400108, 0.9317343173431736, 0.9387053496562134, 0.9222933153729583, 0.8634552698297719, 0.8427548114265987, 0.9263131482101037, 0.9172919652643114, 0.8749466495945369, 0.9298614027719446, 0.9245219442338473, 0.8383490971625107, 0.961315440689198, 0.781891207543875, 0.92201564734584, 0.9392765922386095, 0.9296222664015904, 0.9208863425730897, 0.9652621956286875, 0.8850271923861319, 0.9379460911915357, 0.9139830508474576, 0.9431751611013472]

Train_Precision
[0.7040096528680156, 0.7709380960638114, 0.8074024611275398, 0.8016306782546366, 0.7840055875676619, 0.7938480521769786, 0.8046031897622004, 0.8032040779173494, 0.797304534094966, 0.7710390988490735, 0.79122161385872, 0.8154162000746548, 0.806949806949807, 0.8053565030455034, 0.7727649006622517, 0.8281634197087195, 0.7956260720411664, 0.7817206162368011, 0.800625, 0.7683184402924451, 0.829317077816935, 0.8576807228915663, 0.8379435050337211, 0.8486401261332283, 0.8041246160596753, 0.8348158775705404, 0.8325345362277982, 0.8086592178770949, 0.8205579757160071, 0.8126486391262221, 0.8690192008303061, 0.8225387440652154, 0.8274041133963312, 0.810691211611647, 0.8409504646929195, 0.8349644981769334, 0.8437990580847724, 0.825146092037984, 0.8069606382046112, 0.8128328240942819, 0.8339538346984363, 0.8481420072173997, 0.8508128469468675, 0.8411680229775012, 0.8350918682917955, 0.8285361116016245, 0.816670928151368, 0.8358495745264891, 0.8248880302098884, 0.833103575039059]

Test_Precision
[0.9626740947075209, 0.7320695102685624, 1.0, 0.9417562724014337, 0.9398496240601504, 0.9434782608695652, 1.0, 0.9387457462323773, 0.5223782360684511, 0.9256268593285167, 0.9245915374947633, 0.94098955969133, 0.9370777027027027, 0.9430324276950044, 0.9423407917383821, 0.9366721854304636, 0.9486935866983373, 0.8963439132181599, 0.9329113924050633, 0.9409282700421941, 0.8593406593406593, 0.9457749661093539, 0.9510261194029851, 0.9495299356754082, 0.958103638368247, 0.9425858951175407, 0.9643171806167401, 0.45968992248062013, 0.9383445945945946, 0.9447257383966244, 0.9435831180017227, 0.5610731936926335, 0.9615952732644018, 0.9229166666666667, 0.9440347071583514, 0.9495136637332098, 0.9425287356321839, 0.9481641468682506, 0.940212150433944, 0.9224960254372019, 0.9441222983658408, 0.9403689403689404, 0.8833785354513755, 0.7744286187479298, 0.945092952875054, 0.9378280177634235, 0.9416817359855335, 0.9494262643433914, 0.9612299465240641, 0.9419139155871291]

Train_Recall
[0.6407873616625834, 0.7512038523274478, 0.7150460420714708, 0.7558502999070711, 0.758638168454845, 0.7609191518121146, 0.7117512883331926, 0.7454591535017319, 0.7546675677958943, 0.7980062515840162, 0.7446988257159753, 0.7381937991045028, 0.7592295345104334, 0.7595674579707696, 0.7886288755596857, 0.7397989355411, 0.7837289853848104, 0.763031173439216, 0.7575399172087522, 0.799020021965025, 0.735574892286897, 0.6735659373151981, 0.7242544563656332, 0.7275492101039115, 0.7740981667652277, 0.7373489904536622, 0.7484159837796739, 0.7826307341387175, 0.7479090985891695, 0.7794204612655233, 0.7073582833488214, 0.7757033032018248, 0.7544986060657262, 0.7738447241699755, 0.7414885528427811, 0.7351524879614767, 0.7265354397229028, 0.7634535777646363, 0.7776463630987581, 0.7866013347976684, 0.7569485511531638, 0.7346456027709724, 0.7250992650164738, 0.7422488806285377, 0.7756188223367407, 0.7927684379488046, 0.8094956492354481, 0.7717327025428741, 0.7935287657345611, 0.7658190419869899]

Test_Recall
[0.7233151946421097, 0.969861866889912, 0.28296358308915864, 0.8798660527417329, 0.8371703641691084, 0.9083298451234826, 0.14566764336542487, 0.8082879866052741, 0.9966513185433236, 0.911678526580159, 0.9238174968606111, 0.8677270824612808, 0.9288405190456258, 0.9007953118459606, 0.9167015487651737, 0.9472582670573462, 0.8359146086228547, 0.9338635412306404, 0.9254918375889494, 0.8401004604437003, 0.9820008371703641, 0.876098786102972, 0.853495186270406, 0.8032649644202595, 0.7275010464629552, 0.8727501046462955, 0.9162829635830891, 0.9928840519045625, 0.9300962745918795, 0.9372122226873169, 0.9171201339472582, 0.9979070740895772, 0.8174968606111344, 0.9271661783172875, 0.9108413562159899, 0.8580996232733361, 0.926747593135203, 0.9187944746755965, 0.8162411050648807, 0.9715362076182503, 0.7496860611134366, 0.9175387191293428, 0.9543742151527836, 0.9786521557136877, 0.9150272080368355, 0.9723733779824194, 0.8719129342821265, 0.9351192967768941, 0.9028882377563834, 0.9434910004185851]

